7.985534 16
7.837288 9
0.0 0
7.664208 18
7.830733 15
7.82687 12
7.943419 10
8.261761 4
7.869683 14
8.348362 5
7.711347 11
7.775422 0
7.914732 17
8.006124 16
8.101699 0
8.089329 15
0.0 0
7.652549 9
8.124849 4
7.843153 15
8.415752 12
7.321332 9
7.627947 2
7.984519 7
7.708902 13
7.777007 10
8.089608 15
5.340496 18
8.238754 19
7.855443 6
7.457369 3
7.829684 0
0.0 0
7.660093 17
0.0 0
8.418244 8
7.959218 17
8.097631 0
7.777992 18
7.661621 0
7.991027 3
8.497699 3
7.933292 8
7.623529 19
7.864184 10
7.799434 1
7.948452 7
7.806149 5
7.637888 18
7.745232 18
